6 0.385156 0.163194 0.301562 0.309722
6 0.217187 0.301389 0.315625 0.269444
6 0.087891 0.502778 0.160156 0.300000
6 0.302344 0.545139 0.365625 0.365278
6 0.193359 0.860417 0.255469 0.223611
6 0.417188 0.506250 0.185937 0.120833
6 0.585156 0.597917 0.295312 0.481944
6 0.488672 0.816667 0.332031 0.316667
6 0.639844 0.145139 0.107813 0.290278
6 0.814453 0.159028 0.246094 0.309722
6 0.783594 0.311111 0.318750 0.191667
6 0.917969 0.410417 0.164062 0.206944
6 0.831250 0.596528 0.273438 0.312500
6 0.947266 0.695833 0.105469 0.277778
6 0.841797 0.804861 0.196094 0.145833
6 0.738281 0.875000 0.367188 0.216667
