6 0.294141 0.453472 0.146094 0.179167
6 0.381641 0.415972 0.066406 0.173611
6 0.492969 0.428472 0.109375 0.093056
6 0.613672 0.320139 0.105469 0.104167
6 0.507422 0.597222 0.075781 0.147222
6 0.595703 0.604167 0.127344 0.102778
6 0.666406 0.675000 0.100000 0.141667
6 0.744141 0.550000 0.149219 0.197222
6 0.843750 0.513889 0.068750 0.202778
6 0.628516 0.438194 0.142969 0.140278
6 0.232812 0.584028 0.189063 0.076389
6 0.199609 0.697917 0.157031 0.115278
6 0.270703 0.775000 0.146094 0.205556
6 0.388672 0.656250 0.183594 0.201389
